X	Y
781.111	358.889
781.482	358.889
781.482	359.630
781.852	359.630
781.852	360.370
782.222	360.370
782.222	361.111
782.593	361.111
782.593	361.852
782.963	361.852
782.963	362.593
783.333	362.593
783.333	363.333
783.704	363.333
783.704	364.074
784.074	364.074
784.074	364.815
784.444	364.815
784.444	365.556
784.815	365.556
784.815	366.296
785.185	366.296
785.185	367.037
785.556	367.037
785.556	367.778
785.926	367.778
785.926	368.519
786.296	368.519
786.296	369.259
786.667	369.259
786.667	370.000
787.037	370.000
787.037	371.111
787.407	371.111
787.407	371.852
787.778	371.852
787.778	372.593
788.148	372.593
788.148	373.333
788.518	373.333
788.518	374.074
788.889	374.074
788.889	374.444
788.518	374.444
788.518	374.815
788.148	374.815
788.148	375.556
787.778	375.556
787.778	375.926
787.407	375.926
787.407	376.296
787.037	376.296
787.037	376.667
786.667	376.667
786.667	377.037
786.296	377.037
786.296	378.889
785.926	378.889
785.926	380.000
785.556	380.000
785.556	381.481
785.185	381.481
785.185	382.593
784.815	382.593
784.815	386.667
784.444	386.667
784.444	389.259
784.074	389.259
784.074	390.000
783.704	390.000
783.704	390.370
783.333	390.370
783.333	390.741
782.963	390.741
782.963	391.111
782.593	391.111
782.593	391.481
782.222	391.481
782.222	391.852
781.852	391.852
781.852	392.222
781.482	392.222
781.482	394.074
781.111	394.074
781.111	394.815
780.741	394.815
780.741	395.556
780.370	395.556
780.370	395.926
780.000	395.926
780.000	396.667
779.630	396.667
779.630	397.037
779.259	397.037
779.259	397.407
778.889	397.407
778.889	397.778
778.518	397.778
778.518	398.148
778.148	398.148
778.148	398.519
777.778	398.519
777.778	398.889
777.407	398.889
777.407	399.259
777.037	399.259
777.037	399.630
776.667	399.630
776.667	400.000
776.296	400.000
776.296	400.370
775.926	400.370
775.926	400.741
775.185	400.741
775.185	401.852
775.556	401.852
775.556	402.963
775.926	402.963
775.926	403.704
775.556	403.704
775.556	404.815
775.185	404.815
775.185	405.185
774.815	405.185
774.815	405.556
774.444	405.556
774.444	406.296
774.074	406.296
774.074	407.037
773.704	407.037
773.704	407.407
773.333	407.407
773.333	407.778
772.222	407.778
772.222	408.148
768.889	408.148
768.889	407.778
767.407	407.778
767.407	408.889
767.037	408.889
767.037	410.000
766.667	410.000
766.667	410.741
766.296	410.741
766.296	411.111
765.926	411.111
765.926	411.481
765.556	411.481
765.556	411.852
765.185	411.852
765.185	412.222
764.815	412.222
764.815	412.593
764.444	412.593
764.444	412.963
764.074	412.963
764.074	413.333
763.704	413.333
763.704	413.704
763.333	413.704
763.333	414.074
762.963	414.074
762.963	414.444
762.593	414.444
762.593	414.815
762.222	414.815
762.222	418.148
762.963	418.148
762.963	418.519
763.333	418.519
763.333	418.889
763.704	418.889
763.704	419.630
764.074	419.630
764.074	421.481
763.704	421.481
763.704	421.852
763.333	421.852
763.333	423.333
762.963	423.333
762.963	424.074
762.593	424.074
762.593	424.444
762.222	424.444
762.222	424.815
761.852	424.815
761.852	425.185
761.482	425.185
761.482	425.556
760.370	425.556
760.370	428.519
760.000	428.519
760.000	429.259
759.630	429.259
759.630	429.630
759.259	429.630
759.259	430.000
758.889	430.000
758.889	430.370
758.518	430.370
758.518	430.741
758.148	430.741
758.148	431.111
757.778	431.111
757.778	431.481
757.407	431.481
757.407	431.852
757.037	431.852
757.037	432.222
756.667	432.222
756.667	432.593
756.296	432.593
756.296	432.963
755.926	432.963
755.926	433.333
755.556	433.333
755.556	433.704
755.185	433.704
755.185	434.074
754.815	434.074
754.815	434.444
754.074	434.444
754.074	434.815
750.370	434.815
750.370	435.185
750.000	435.185
750.000	435.556
749.630	435.556
749.630	435.926
749.259	435.926
749.259	436.296
748.889	436.296
748.889	436.667
748.148	436.667
748.148	437.037
747.778	437.037
747.778	437.407
748.889	437.407
748.889	437.778
749.630	437.778
749.630	438.148
750.000	438.148
750.000	438.519
750.370	438.519
750.370	438.889
750.741	438.889
750.741	439.259
751.111	439.259
751.111	439.630
751.482	439.630
751.482	440.000
751.852	440.000
751.852	440.370
752.222	440.370
752.222	440.741
752.593	440.741
752.593	441.111
752.963	441.111
752.963	441.481
753.333	441.481
753.333	441.852
753.704	441.852
753.704	442.222
754.074	442.222
754.074	442.963
754.444	442.963
754.444	451.852
754.815	451.852
754.815	452.222
755.185	452.222
755.185	452.593
755.556	452.593
755.556	452.963
755.926	452.963
755.926	453.333
756.296	453.333
756.296	454.074
756.667	454.074
756.667	465.926
755.556	465.926
755.556	466.296
754.444	466.296
754.444	466.667
754.074	466.667
754.074	467.037
753.704	467.037
753.704	467.407
753.333	467.407
753.333	468.519
752.963	468.519
752.963	469.259
753.333	469.259
753.333	469.630
752.963	469.630
752.963	470.000
752.593	470.000
752.593	470.370
752.222	470.370
752.222	470.741
751.482	470.741
751.482	471.111
751.111	471.111
751.111	471.481
747.037	471.481
747.037	471.852
746.667	471.852
746.667	472.222
746.296	472.222
746.296	472.593
745.926	472.593
745.926	472.963
745.185	472.963
745.185	473.333
744.815	473.333
744.815	473.704
744.074	473.704
744.074	474.074
743.333	474.074
743.333	474.444
734.815	474.444
734.815	474.074
733.704	474.074
733.704	473.704
733.333	473.704
733.333	473.333
732.963	473.333
732.963	472.963
732.593	472.963
732.593	472.593
732.222	472.593
732.222	472.222
731.852	472.222
731.852	471.852
731.482	471.852
731.482	471.481
731.111	471.481
731.111	471.111
730.741	471.111
730.741	470.741
730.370	470.741
730.370	470.370
730.000	470.370
730.000	470.000
729.630	470.000
729.630	469.630
729.259	469.630
729.259	469.259
728.889	469.259
728.889	468.889
728.518	468.889
728.518	469.259
728.148	469.259
728.148	469.630
727.778	469.630
727.778	470.000
727.407	470.000
727.407	470.370
727.037	470.370
727.037	470.741
726.667	470.741
726.667	471.111
726.296	471.111
726.296	471.481
725.926	471.481
725.926	471.852
725.556	471.852
725.556	472.222
725.185	472.222
725.185	472.593
724.815	472.593
724.815	472.963
724.074	472.963
724.074	473.333
723.333	473.333
723.333	473.704
713.704	473.704
713.704	473.333
712.593	473.333
712.593	472.963
712.222	472.963
712.222	472.593
711.852	472.593
711.852	472.222
711.111	472.222
711.111	472.963
710.741	472.963
710.741	473.333
710.370	473.333
710.370	473.704
710.000	473.704
710.000	474.074
709.630	474.074
709.630	474.444
709.259	474.444
709.259	475.926
708.889	475.926
708.889	476.667
708.518	476.667
708.518	477.037
708.148	477.037
708.148	477.407
707.037	477.407
707.037	477.778
703.333	477.778
703.333	478.148
702.593	478.148
702.593	477.778
701.482	477.778
701.482	477.407
700.741	477.407
700.741	477.778
700.370	477.778
700.370	478.148
700.000	478.148
700.000	478.519
699.630	478.519
699.630	478.889
699.259	478.889
699.259	479.259
698.889	479.259
698.889	479.630
698.518	479.630
698.518	480.000
698.148	480.000
698.148	480.370
696.296	480.370
696.296	480.741
695.926	480.741
695.926	481.111
695.556	481.111
695.556	481.481
695.185	481.481
695.185	481.852
694.815	481.852
694.815	482.222
694.444	482.222
694.444	482.593
694.074	482.593
694.074	482.963
693.704	482.963
693.704	483.333
693.333	483.333
693.333	483.704
692.963	483.704
692.963	484.074
687.778	484.074
687.778	484.444
687.407	484.444
687.407	484.815
687.037	484.815
687.037	485.185
685.926	485.185
685.926	485.556
685.556	485.556
685.556	485.926
685.185	485.926
685.185	486.296
684.815	486.296
684.815	486.667
684.444	486.667
684.444	487.037
684.074	487.037
684.074	487.407
676.667	487.407
676.667	488.889
676.296	488.889
676.296	489.630
675.926	489.630
675.926	490.000
675.556	490.000
675.556	490.370
672.593	490.370
672.593	490.000
671.482	490.000
671.482	489.630
671.111	489.630
671.111	489.259
670.741	489.259
670.741	488.889
670.370	488.889
670.370	488.519
668.889	488.519
668.889	488.889
660.370	488.889
660.370	489.259
650.000	489.259
650.000	488.889
649.630	488.889
649.630	488.519
648.889	488.519
648.889	488.148
648.518	488.148
648.518	487.778
648.148	487.778
648.148	487.407
647.778	487.407
647.778	487.037
645.926	487.037
645.926	490.370
645.556	490.370
645.556	491.111
645.185	491.111
645.185	491.481
644.815	491.481
644.815	491.852
644.444	491.852
644.444	492.222
644.074	492.222
644.074	492.593
643.704	492.593
643.704	492.963
643.333	492.963
643.333	493.333
642.963	493.333
642.963	493.704
642.593	493.704
642.593	494.074
642.222	494.074
642.222	494.444
641.852	494.444
641.852	494.815
641.482	494.815
641.482	495.185
641.111	495.185
641.111	495.556
640.741	495.556
640.741	495.926
639.630	495.926
639.630	496.296
637.778	496.296
637.778	496.667
635.556	496.667
635.556	498.889
635.185	498.889
635.185	499.259
634.815	499.259
634.815	499.630
634.444	499.630
634.444	500.000
634.074	500.000
634.074	500.370
633.704	500.370
633.704	500.741
633.333	500.741
633.333	501.111
632.963	501.111
632.963	501.481
632.593	501.481
632.593	501.852
632.222	501.852
632.222	502.222
631.852	502.222
631.852	502.593
631.482	502.593
631.482	502.963
631.111	502.963
631.111	503.333
630.741	503.333
630.741	503.704
629.259	503.704
629.259	504.074
623.333	504.074
623.333	504.444
622.593	504.444
622.593	504.815
612.222	504.815
612.222	504.444
611.482	504.444
611.482	504.074
611.111	504.074
611.111	503.704
610.741	503.704
610.741	503.333
610.370	503.333
610.370	502.963
610.000	502.963
610.000	502.593
609.630	502.593
609.630	502.222
609.259	502.222
609.259	501.852
608.889	501.852
608.889	501.481
608.518	501.481
608.518	501.111
608.148	501.111
608.148	500.741
607.778	500.741
607.778	500.370
607.407	500.370
607.407	500.000
607.037	500.000
607.037	497.778
606.667	497.778
606.667	498.148
605.926	498.148
605.926	498.519
605.556	498.519
605.556	498.889
604.815	498.889
604.815	499.259
595.926	499.259
595.926	498.889
594.444	498.889
594.444	498.519
593.704	498.519
593.704	498.148
593.333	498.148
593.333	497.778
588.889	497.778
588.889	498.148
587.037	498.148
587.037	498.519
580.741	498.519
580.741	498.889
580.370	498.889
580.370	499.259
580.000	499.259
580.000	499.630
579.259	499.630
579.259	500.000
578.518	500.000
578.518	500.370
570.741	500.370
570.741	500.741
571.111	500.741
571.111	502.963
570.741	502.963
570.741	503.333
570.370	503.333
570.370	503.704
570.000	503.704
570.000	505.185
569.630	505.185
569.630	505.556
568.518	505.556
568.518	505.926
565.926	505.926
565.926	505.556
564.815	505.556
564.815	505.185
563.704	505.185
563.704	505.556
563.333	505.556
563.333	505.926
562.963	505.926
562.963	506.296
562.593	506.296
562.593	506.667
562.222	506.667
562.222	507.037
561.852	507.037
561.852	507.407
561.482	507.407
561.482	507.778
561.111	507.778
561.111	511.852
560.741	511.852
560.741	512.222
560.370	512.222
560.370	512.593
560.000	512.593
560.000	512.963
559.630	512.963
559.630	513.333
559.259	513.333
559.259	513.704
558.889	513.704
558.889	514.074
558.518	514.074
558.518	514.444
558.148	514.444
558.148	514.815
557.778	514.815
557.778	515.185
557.407	515.185
557.407	515.556
557.037	515.556
557.037	515.926
556.667	515.926
556.667	516.296
556.296	516.296
556.296	516.667
555.926	516.667
555.926	517.037
555.556	517.037
555.556	517.407
555.185	517.407
555.185	517.778
554.815	517.778
554.815	518.148
553.333	518.148
553.333	518.518
551.852	518.518
551.852	518.889
552.222	518.889
552.222	519.259
552.593	519.259
552.593	520.000
552.963	520.000
552.963	520.370
553.333	520.370
553.333	520.741
560.370	520.741
560.370	524.444
560.741	524.444
560.741	524.815
561.111	524.815
561.111	525.185
561.482	525.185
561.482	525.926
561.852	525.926
561.852	528.148
563.704	528.148
563.704	527.778
564.444	527.778
564.444	527.407
565.185	527.407
565.185	527.037
566.667	527.037
566.667	526.667
577.407	526.667
577.407	527.037
578.518	527.037
578.518	527.407
578.889	527.407
578.889	527.778
579.259	527.778
579.259	528.148
580.000	528.148
580.000	528.518
580.370	528.518
580.370	528.889
581.111	528.889
581.111	529.259
581.482	529.259
581.482	529.630
581.852	529.630
581.852	530.000
582.222	530.000
582.222	530.370
582.593	530.370
582.593	530.741
582.963	530.741
582.963	531.111
583.333	531.111
583.333	531.482
583.704	531.482
583.704	531.852
584.444	531.852
584.444	531.482
584.815	531.482
584.815	531.111
585.185	531.111
585.185	530.741
586.667	530.741
586.667	530.370
588.518	530.370
588.518	525.556
588.889	525.556
588.889	524.815
589.259	524.815
589.259	524.444
589.630	524.444
589.630	524.074
590.000	524.074
590.000	523.704
590.370	523.704
590.370	523.333
590.741	523.333
590.741	522.963
591.111	522.963
591.111	522.593
591.482	522.593
591.482	522.222
591.852	522.222
591.852	521.852
592.222	521.852
592.222	521.482
592.593	521.482
592.593	521.111
592.963	521.111
592.963	520.741
593.704	520.741
593.704	520.370
594.074	520.370
594.074	520.000
604.815	520.000
604.815	520.370
605.556	520.370
605.556	520.741
605.926	520.741
605.926	521.111
606.296	521.111
606.296	521.482
606.667	521.482
606.667	521.852
607.037	521.852
607.037	522.222
607.407	522.222
607.407	522.593
607.778	522.593
607.778	522.963
608.148	522.963
608.148	523.333
608.889	523.333
608.889	523.704
609.259	523.704
609.259	524.074
609.630	524.074
609.630	524.444
610.000	524.444
610.000	524.815
610.370	524.815
610.370	525.185
610.741	525.185
610.741	525.556
611.111	525.556
611.111	525.926
611.482	525.926
611.482	526.296
611.852	526.296
611.852	526.667
612.222	526.667
612.222	527.037
612.593	527.037
612.593	527.407
612.963	527.407
612.963	528.148
613.333	528.148
613.333	528.518
613.704	528.518
613.704	529.630
614.074	529.630
614.074	531.482
614.444	531.482
614.444	531.111
614.815	531.111
614.815	530.741
615.185	530.741
615.185	529.630
615.556	529.630
615.556	528.518
615.926	528.518
615.926	528.148
616.296	528.148
616.296	527.778
617.037	527.778
617.037	527.407
621.111	527.407
621.111	527.778
622.222	527.778
622.222	528.148
622.963	528.148
622.963	528.518
623.333	528.518
623.333	528.889
623.704	528.889
623.704	529.630
636.296	529.630
636.296	530.000
637.778	530.000
637.778	530.370
638.148	530.370
638.148	530.741
638.518	530.741
638.518	531.111
638.889	531.111
638.889	531.482
639.259	531.482
639.259	531.852
639.630	531.852
639.630	532.222
640.000	532.222
640.000	532.593
640.370	532.593
640.370	532.963
640.741	532.963
640.741	533.333
641.111	533.333
641.111	533.704
641.482	533.704
641.482	534.074
641.852	534.074
641.852	534.444
642.222	534.444
642.222	534.815
642.593	534.815
642.593	535.185
642.963	535.185
642.963	535.556
643.333	535.556
643.333	537.037
643.704	537.037
643.704	538.148
645.185	538.148
645.185	538.518
645.556	538.518
645.556	538.889
645.926	538.889
645.926	539.259
649.259	539.259
649.259	539.630
649.630	539.630
649.630	540.000
650.741	540.000
650.741	539.630
662.963	539.630
662.963	539.259
664.815	539.259
664.815	539.630
666.667	539.630
666.667	540.000
670.000	540.000
670.000	540.370
670.741	540.370
670.741	540.741
671.111	540.741
671.111	541.482
671.482	541.482
671.482	543.704
672.222	543.704
672.222	543.333
672.593	543.333
672.593	542.963
683.333	542.963
683.333	543.333
684.074	543.333
684.074	543.704
684.815	543.704
684.815	544.074
685.185	544.074
685.185	544.444
685.556	544.444
685.556	544.815
685.926	544.815
685.926	545.185
687.407	545.185
687.407	544.815
687.778	544.815
687.778	544.444
688.148	544.444
688.148	544.074
688.889	544.074
688.889	543.704
690.000	543.704
690.000	543.333
700.000	543.333
700.000	543.704
700.741	543.704
700.741	544.074
701.482	544.074
701.482	544.444
701.852	544.444
701.852	544.815
702.222	544.815
702.222	545.185
702.593	545.185
702.593	545.556
702.963	545.556
702.963	545.926
703.333	545.926
703.333	546.296
703.704	546.296
703.704	546.667
710.000	546.667
710.000	547.037
711.111	547.037
711.111	547.407
711.482	547.407
711.482	547.778
711.852	547.778
711.852	548.148
712.222	548.148
712.222	548.518
712.593	548.518
712.593	548.889
712.963	548.889
712.963	549.259
713.333	549.259
713.333	549.630
713.704	549.630
713.704	550.000
714.074	550.000
714.074	550.370
714.815	550.370
714.815	550.000
715.185	550.000
715.185	549.630
715.556	549.630
715.556	549.259
715.926	549.259
715.926	548.889
716.296	548.889
716.296	548.518
717.407	548.518
717.407	548.148
721.111	548.148
721.111	547.778
721.482	547.778
721.482	547.407
722.222	547.407
722.222	547.037
722.593	547.037
722.593	546.667
731.852	546.667
731.852	547.037
733.704	547.037
733.704	547.407
734.074	547.407
734.074	547.778
734.815	547.778
734.815	548.148
735.185	548.148
735.185	548.518
735.556	548.518
735.556	548.889
735.926	548.889
735.926	549.259
736.296	549.259
736.296	549.630
736.667	549.630
736.667	550.000
737.037	550.000
737.037	549.630
737.407	549.630
737.407	549.259
737.778	549.259
737.778	548.889
738.148	548.889
738.148	548.518
740.741	548.518
740.741	548.889
741.111	548.889
741.111	549.259
741.482	549.259
741.482	549.630
741.852	549.630
741.852	552.963
741.482	552.963
741.482	553.704
741.111	553.704
741.111	554.074
740.741	554.074
740.741	554.444
739.630	554.444
739.630	557.778
740.000	557.778
740.000	558.148
740.741	558.148
740.741	558.518
741.111	558.518
741.111	559.259
741.482	559.259
741.482	561.482
741.111	561.482
741.111	562.593
745.556	562.593
745.556	562.963
745.926	562.963
745.926	562.593
746.296	562.593
746.296	562.222
746.667	562.222
746.667	561.852
747.037	561.852
747.037	561.482
747.778	561.482
747.778	561.111
748.518	561.111
748.518	560.741
753.333	560.741
753.333	560.370
753.704	560.370
753.704	560.000
754.074	560.000
754.074	559.630
754.444	559.630
754.444	559.259
755.185	559.259
755.185	558.889
759.259	558.889
759.259	555.926
760.000	555.926
760.000	554.444
759.259	554.444
759.259	553.704
758.889	553.704
758.889	553.333
758.518	553.333
758.518	549.630
758.889	549.630
758.889	549.259
759.259	549.259
759.259	548.889
759.630	548.889
759.630	548.518
760.000	548.518
760.000	548.148
760.741	548.148
760.741	547.778
762.963	547.778
762.963	547.407
765.926	547.407
765.926	547.778
766.667	547.778
766.667	548.148
767.778	548.148
767.778	548.518
768.889	548.518
768.889	549.259
769.259	549.259
769.259	552.222
769.630	552.222
769.630	552.593
770.000	552.593
770.000	552.963
770.370	552.963
770.370	553.333
770.741	553.333
770.741	553.704
771.111	553.704
771.111	554.074
771.482	554.074
771.482	554.444
771.852	554.444
771.852	554.815
772.222	554.815
772.222	555.185
772.593	555.185
772.593	555.556
775.185	555.556
775.185	555.926
776.296	555.926
776.296	556.296
777.037	556.296
777.037	557.037
777.407	557.037
777.407	557.407
777.778	557.407
777.778	557.778
778.148	557.778
778.148	558.148
778.518	558.148
778.518	558.518
780.370	558.518
780.370	558.889
781.111	558.889
781.111	559.259
781.482	559.259
781.482	559.630
781.852	559.630
781.852	560.370
782.222	560.370
782.222	561.852
781.852	561.852
781.852	562.593
781.482	562.593
781.482	562.963
781.111	562.963
781.111	563.704
781.852	563.704
781.852	563.333
782.593	563.333
782.593	562.963
791.852	562.963
791.852	563.333
793.333	563.333
793.333	563.704
794.074	563.704
794.074	564.074
794.444	564.074
794.444	564.444
801.482	564.444
801.482	564.815
802.963	564.815
802.963	565.185
810.000	565.185
810.000	565.556
812.222	565.556
812.222	565.185
812.593	565.185
812.593	564.815
813.333	564.815
813.333	564.444
823.704	564.444
823.704	563.333
824.074	563.333
824.074	562.963
824.444	562.963
824.444	562.593
824.815	562.593
824.815	562.222
825.185	562.222
825.185	561.852
825.556	561.852
825.556	561.482
825.926	561.482
825.926	561.111
826.296	561.111
826.296	560.741
826.667	560.741
826.667	560.370
827.037	560.370
827.037	560.000
827.407	560.000
827.407	559.630
827.778	559.630
827.778	559.259
828.148	559.259
828.148	558.889
828.518	558.889
828.518	558.518
837.778	558.518
837.778	558.889
838.148	558.889
838.148	559.259
838.518	559.259
838.518	559.630
838.889	559.630
838.889	560.000
839.259	560.000
839.259	560.370
839.630	560.370
839.630	560.741
845.926	560.741
845.926	561.111
847.037	561.111
847.037	561.482
848.148	561.482
848.148	560.000
848.518	560.000
848.518	559.259
848.889	559.259
848.889	558.889
849.259	558.889
849.259	558.518
849.630	558.518
849.630	558.148
851.852	558.148
851.852	557.407
852.963	557.407
852.963	557.037
854.815	557.037
854.815	557.407
855.556	557.407
855.556	558.148
855.926	558.148
855.926	558.518
856.296	558.518
856.296	559.630
859.630	559.630
859.630	559.259
860.000	559.259
860.000	558.889
860.370	558.889
860.370	558.518
860.741	558.518
860.741	558.148
861.111	558.148
861.111	557.778
861.482	557.778
861.482	557.407
862.222	557.407
862.222	557.037
863.333	557.037
863.333	556.667
872.963	556.667
872.963	557.037
886.296	557.037
886.296	557.407
886.667	557.407
886.667	557.778
887.407	557.778
887.407	558.148
887.778	558.148
887.778	558.518
888.889	558.518
888.889	558.889
889.630	558.889
889.630	558.518
890.370	558.518
890.370	558.148
891.111	558.148
891.111	557.778
901.852	557.778
901.852	558.148
902.963	558.148
902.963	558.518
903.333	558.518
903.333	558.889
903.704	558.889
903.704	559.259
904.074	559.259
904.074	559.630
904.444	559.630
904.444	560.000
904.815	560.000
904.815	560.370
905.185	560.370
905.185	560.741
917.037	560.741
917.037	561.111
917.778	561.111
917.778	560.741
919.259	560.741
919.259	560.370
919.630	560.370
919.630	560.000
920.000	560.000
920.000	559.630
920.370	559.630
920.370	559.259
921.482	559.259
921.482	558.889
930.370	558.889
930.370	558.518
930.741	558.518
930.741	558.148
931.111	558.148
931.111	557.778
931.482	557.778
931.482	557.407
932.222	557.407
932.222	557.037
933.704	557.037
933.704	556.667
935.556	556.667
935.556	556.296
935.926	556.296
935.926	555.926
936.296	555.926
936.296	555.556
936.667	555.556
936.667	555.185
937.037	555.185
937.037	554.815
937.407	554.815
937.407	554.444
937.778	554.444
937.778	554.074
938.148	554.074
938.148	553.704
941.111	553.704
941.111	553.333
941.852	553.333
941.852	552.963
942.593	552.963
942.593	552.593
943.704	552.593
943.704	552.222
946.667	552.222
946.667	551.852
957.037	551.852
957.037	552.222
957.778	552.222
957.778	551.852
958.148	551.852
958.148	551.482
958.518	551.482
958.518	551.111
958.889	551.111
958.889	550.741
959.259	550.741
959.259	550.370
959.630	550.370
959.630	550.000
960.000	550.000
960.000	549.630
960.741	549.630
960.741	549.259
961.111	549.259
961.111	548.889
961.482	548.889
961.482	548.518
961.852	548.518
961.852	548.148
962.222	548.148
962.222	547.778
962.593	547.778
962.593	547.407
962.963	547.407
962.963	547.037
963.333	547.037
963.333	546.667
963.704	546.667
963.704	546.296
964.074	546.296
964.074	545.926
968.889	545.926
968.889	545.556
969.259	545.556
969.259	545.185
969.630	545.185
969.630	544.815
970.000	544.815
970.000	544.444
970.370	544.444
970.370	544.074
970.741	544.074
970.741	543.704
971.111	543.704
971.111	543.333
971.482	543.333
971.482	542.963
971.852	542.963
971.852	542.593
972.222	542.593
972.222	542.222
972.593	542.222
972.593	541.852
973.333	541.852
973.333	541.482
973.704	541.482
973.704	541.111
974.074	541.111
974.074	540.741
975.556	540.741
975.556	540.370
984.815	540.370
984.815	540.741
985.926	540.741
985.926	541.111
986.296	541.111
986.296	541.482
987.407	541.482
987.407	541.111
992.222	541.111
992.222	540.741
992.593	540.741
992.593	540.370
992.963	540.370
992.963	540.000
994.074	540.000
994.074	539.630
1012.222	539.630
1012.222	540.000
1013.333	540.000
1013.333	540.370
1014.074	540.370
1014.074	540.741
1014.444	540.741
1014.444	541.111
1014.815	541.111
1014.815	541.482
1015.185	541.482
1015.185	541.111
1016.296	541.111
1016.296	540.741
1017.037	540.741
1017.037	540.370
1023.704	540.370
1023.704	540.000
1024.444	540.000
1024.444	539.630
1025.556	539.630
1025.556	539.259
1026.667	539.259
1026.667	538.889
1030.370	538.889
1030.370	538.518
1030.741	538.518
1030.741	538.148
1031.111	538.148
1031.111	537.778
1031.481	537.778
1031.481	537.407
1031.852	537.407
1031.852	537.037
1032.222	537.037
1032.222	536.667
1032.963	536.667
1032.963	536.296
1034.074	536.296
1034.074	535.926
1035.556	535.926
1035.556	535.556
1039.630	535.556
1039.630	535.926
1041.481	535.926
1041.481	536.296
1042.963	536.296
1042.963	536.667
1044.815	536.667
1044.815	537.037
1046.667	537.037
1046.667	537.407
1048.148	537.407
1048.148	537.778
1050.000	537.778
1050.000	538.148
1051.852	538.148
1051.852	538.518
1053.333	538.518
1053.333	538.889
1055.185	538.889
1055.185	539.259
1056.667	539.259
1056.667	539.630
1058.519	539.630
1058.519	540.000
1060.370	540.000
1060.370	540.370
1061.852	540.370
1061.852	540.741
1063.333	540.741
1063.333	541.482
1062.593	541.482
1062.593	541.852
1062.222	541.852
1062.222	541.482
1061.481	541.482
1061.481	541.852
1061.111	541.852
1061.111	542.222
1060.741	542.222
1060.741	542.963
1060.370	542.963
1060.370	543.333
1060.000	543.333
1060.000	543.704
1059.630	543.704
1059.630	544.444
1059.259	544.444
1059.259	544.815
1058.889	544.815
1058.889	545.185
1058.519	545.185
1058.519	545.556
1056.296	545.556
1056.296	545.185
1054.074	545.185
1054.074	545.556
1052.963	545.556
1052.963	545.185
1052.593	545.185
1052.593	544.815
1051.111	544.815
1051.111	544.444
1049.259	544.444
1049.259	544.815
1046.667	544.815
1046.667	544.444
1046.296	544.444
1046.296	544.074
1045.556	544.074
1045.556	543.704
1039.259	543.704
1039.259	544.074
1037.778	544.074
1037.778	544.444
1037.037	544.444
1037.037	544.815
1036.296	544.815
1036.296	545.185
1035.926	545.185
1035.926	545.926
1035.556	545.926
1035.556	546.296
1035.185	546.296
1035.185	546.667
1034.815	546.667
1034.815	547.037
1034.444	547.037
1034.444	547.407
1031.481	547.407
1031.481	547.037
1030.741	547.037
1030.741	547.407
1029.630	547.407
1029.630	547.778
1028.519	547.778
1028.519	548.148
1027.778	548.148
1027.778	548.518
1027.037	548.518
1027.037	548.889
1026.667	548.889
1026.667	549.259
1026.296	549.259
1026.296	549.630
1025.185	549.630
1025.185	549.259
1024.074	549.259
1024.074	548.889
1022.222	548.889
1022.222	548.518
1021.111	548.518
1021.111	548.889
1020.000	548.889
1020.000	549.259
1019.259	549.259
1019.259	549.630
1018.518	549.630
1018.518	550.000
1018.148	550.000
1018.148	551.852
1017.778	551.852
1017.778	552.222
1015.556	552.222
1015.556	552.593
1015.185	552.593
1015.185	552.222
1014.815	552.222
1014.815	552.593
1014.074	552.593
1014.074	552.222
1013.704	552.222
1013.704	551.852
1013.333	551.852
1013.333	551.482
1012.963	551.482
1012.963	550.741
1012.222	550.741
1012.222	550.370
1011.482	550.370
1011.482	550.000
1011.111	550.000
1011.111	549.630
1010.741	549.630
1010.741	549.259
1010.370	549.259
1010.370	548.889
1010.000	548.889
1010.000	548.518
1009.630	548.518
1009.630	548.148
1008.518	548.148
1008.518	547.778
1004.815	547.778
1004.815	548.148
1004.444	548.148
1004.444	548.518
1003.704	548.518
1003.704	548.889
1002.593	548.889
1002.593	548.518
1002.222	548.518
1002.222	548.148
1001.482	548.148
1001.482	547.778
998.148	547.778
998.148	548.148
997.037	548.148
997.037	548.518
996.667	548.518
996.667	548.889
996.296	548.889
996.296	549.630
995.926	549.630
995.926	550.000
995.556	550.000
995.556	550.370
995.185	550.370
995.185	550.000
994.444	550.000
994.444	549.630
993.704	549.630
993.704	549.259
991.482	549.259
991.482	549.630
991.111	549.630
991.111	550.000
990.741	550.000
990.741	550.741
990.000	550.741
990.000	551.111
989.630	551.111
989.630	551.482
988.889	551.482
988.889	551.852
988.148	551.852
988.148	552.222
987.778	552.222
987.778	552.593
987.407	552.593
987.407	553.704
987.037	553.704
987.037	554.074
985.926	554.074
985.926	553.704
985.556	553.704
985.556	553.333
984.815	553.333
984.815	552.963
984.444	552.963
984.444	551.482
984.074	551.482
984.074	550.370
983.704	550.370
983.704	550.000
983.333	550.000
983.333	549.630
982.593	549.630
982.593	549.259
981.852	549.259
981.852	548.889
980.741	548.889
980.741	548.518
979.630	548.518
979.630	548.889
978.148	548.889
978.148	549.259
977.778	549.259
977.778	549.630
976.296	549.630
976.296	550.741
976.667	550.741
976.667	551.111
977.037	551.111
977.037	551.482
977.407	551.482
977.407	551.852
977.778	551.852
977.778	552.222
978.148	552.222
978.148	552.593
978.518	552.593
978.518	552.963
978.889	552.963
978.889	553.333
979.630	553.333
979.630	554.815
979.259	554.815
979.259	555.185
978.889	555.185
978.889	555.926
978.148	555.926
978.148	556.667
977.407	556.667
977.407	557.407
976.667	557.407
976.667	558.148
975.926	558.148
975.926	558.518
975.556	558.518
975.556	558.889
973.704	558.889
973.704	558.518
972.963	558.518
972.963	558.148
970.370	558.148
970.370	558.518
969.630	558.518
969.630	558.148
968.518	558.148
968.518	557.778
968.148	557.778
968.148	557.407
968.518	557.407
968.518	556.296
968.889	556.296
968.889	555.556
969.259	555.556
969.259	554.074
967.778	554.074
967.778	554.444
967.407	554.444
967.407	555.185
967.037	555.185
967.037	555.556
966.667	555.556
966.667	556.667
966.296	556.667
966.296	557.037
965.185	557.037
965.185	557.407
964.815	557.407
964.815	557.778
964.074	557.778
964.074	558.148
963.704	558.148
963.704	558.518
963.333	558.518
963.333	558.889
962.963	558.889
962.963	559.259
962.593	559.259
962.593	559.630
962.222	559.630
962.222	560.370
961.852	560.370
961.852	560.741
961.482	560.741
961.482	561.111
961.111	561.111
961.111	561.482
960.000	561.482
960.000	561.852
958.518	561.852
958.518	562.222
956.667	562.222
956.667	561.852
955.556	561.852
955.556	561.482
954.444	561.482
954.444	561.111
953.704	561.111
953.704	560.741
953.333	560.741
953.333	560.370
952.963	560.370
952.963	560.000
952.222	560.000
952.222	559.630
951.852	559.630
951.852	560.000
950.370	560.000
950.370	560.370
947.407	560.370
947.407	560.741
946.667	560.741
946.667	561.111
945.926	561.111
945.926	561.482
944.815	561.482
944.815	561.852
942.222	561.852
942.222	562.222
941.852	562.222
941.852	562.593
941.482	562.593
941.482	562.963
941.111	562.963
941.111	563.333
940.741	563.333
940.741	564.074
940.000	564.074
940.000	564.444
939.630	564.444
939.630	564.815
937.778	564.815
937.778	565.185
936.296	565.185
936.296	565.556
935.556	565.556
935.556	565.926
935.185	565.926
935.185	566.296
934.815	566.296
934.815	566.667
934.444	566.667
934.444	567.037
933.704	567.037
933.704	567.407
927.778	567.407
927.778	567.037
925.185	567.037
925.185	567.407
924.444	567.407
924.444	567.778
924.074	567.778
924.074	568.518
923.704	568.518
923.704	568.889
921.852	568.889
921.852	569.259
921.111	569.259
921.111	569.630
917.778	569.630
917.778	569.259
915.926	569.259
915.926	569.630
915.556	569.630
915.556	570.370
915.185	570.370
915.185	570.741
914.815	570.741
914.815	571.482
913.704	571.482
913.704	569.630
913.333	569.630
913.333	568.889
911.852	568.889
911.852	569.259
910.370	569.259
910.370	568.889
908.148	568.889
908.148	569.259
907.037	569.259
907.037	570.000
906.667	570.000
906.667	570.741
906.296	570.741
906.296	572.593
905.926	572.593
905.926	573.333
905.556	573.333
905.556	573.704
903.704	573.704
903.704	573.333
903.333	573.333
903.333	572.963
902.963	572.963
902.963	572.593
902.593	572.593
902.593	571.852
902.222	571.852
902.222	571.482
901.852	571.482
901.852	571.111
901.482	571.111
901.482	570.741
900.741	570.741
900.741	570.370
900.370	570.370
900.370	570.000
900.000	570.000
900.000	567.407
899.630	567.407
899.630	567.037
899.259	567.037
899.259	566.667
898.889	566.667
898.889	566.296
897.778	566.296
897.778	565.926
895.185	565.926
895.185	566.296
894.074	566.296
894.074	566.667
893.704	566.667
893.704	567.037
893.333	567.037
893.333	567.778
892.963	567.778
892.963	568.148
892.593	568.148
892.593	568.518
890.741	568.518
890.741	568.148
886.296	568.148
886.296	567.778
885.926	567.778
885.926	567.407
885.556	567.407
885.556	567.037
884.815	567.037
884.815	566.667
884.074	566.667
884.074	566.296
883.333	566.296
883.333	565.926
882.593	565.926
882.593	565.556
882.222	565.556
882.222	565.185
881.852	565.185
881.852	564.815
880.741	564.815
880.741	565.185
878.518	565.185
878.518	565.556
877.407	565.556
877.407	565.926
877.037	565.926
877.037	566.296
876.667	566.296
876.667	567.037
876.296	567.037
876.296	567.778
875.926	567.778
875.926	569.259
875.556	569.259
875.556	569.630
874.815	569.630
874.815	570.000
874.074	570.000
874.074	570.370
872.222	570.370
872.222	570.000
871.852	570.000
871.852	568.889
872.222	568.889
872.222	566.667
871.852	566.667
871.852	566.296
871.482	566.296
871.482	565.556
871.111	565.556
871.111	565.185
870.000	565.185
870.000	564.815
869.630	564.815
869.630	565.185
869.259	565.185
869.259	564.815
867.407	564.815
867.407	565.185
866.296	565.185
866.296	565.556
865.556	565.556
865.556	565.926
865.185	565.926
865.185	566.296
864.815	566.296
864.815	566.667
864.444	566.667
864.444	567.407
864.074	567.407
864.074	569.259
863.704	569.259
863.704	569.630
863.333	569.630
863.333	570.370
862.963	570.370
862.963	570.741
862.593	570.741
862.593	571.111
862.222	571.111
862.222	570.741
861.482	570.741
861.482	570.370
859.630	570.370
859.630	570.000
859.259	570.000
859.259	569.630
858.889	569.630
858.889	569.259
858.518	569.259
858.518	568.518
858.148	568.518
858.148	568.148
855.926	568.148
855.926	567.778
854.444	567.778
854.444	568.148
854.074	568.148
854.074	568.518
853.333	568.518
853.333	568.889
852.963	568.889
852.963	570.741
853.333	570.741
853.333	571.482
853.704	571.482
853.704	571.852
854.074	571.852
854.074	572.222
854.444	572.222
854.444	572.593
857.037	572.593
857.037	572.963
858.148	572.963
858.148	573.333
858.518	573.333
858.518	574.074
858.889	574.074
858.889	574.815
858.148	574.815
858.148	575.185
857.778	575.185
857.778	574.815
854.074	574.815
854.074	574.444
851.852	574.444
851.852	574.074
850.741	574.074
850.741	573.704
850.370	573.704
850.370	572.963
850.000	572.963
850.000	572.222
850.370	572.222
850.370	571.482
850.000	571.482
850.000	571.111
849.259	571.111
849.259	570.741
848.889	570.741
848.889	570.370
848.148	570.370
848.148	570.000
845.185	570.000
845.185	569.630
844.444	569.630
844.444	570.000
843.704	570.000
843.704	569.630
842.963	569.630
842.963	569.259
842.222	569.259
842.222	568.889
838.518	568.889
838.518	569.259
837.037	569.259
837.037	569.630
836.296	569.630
836.296	569.259
835.556	569.259
835.556	568.518
834.815	568.518
834.815	567.778
834.444	567.778
834.444	567.407
834.074	567.407
834.074	567.037
833.704	567.037
833.704	566.667
832.222	566.667
832.222	567.037
831.852	567.037
831.852	568.148
832.222	568.148
832.222	569.259
832.593	569.259
832.593	570.000
832.222	570.000
832.222	571.111
831.852	571.111
831.852	571.852
831.111	571.852
831.111	572.222
830.370	572.222
830.370	572.593
817.407	572.593
817.407	572.963
816.667	572.963
816.667	573.333
816.296	573.333
816.296	573.704
815.185	573.704
815.185	574.074
812.222	574.074
812.222	573.704
807.778	573.704
807.778	574.074
807.037	574.074
807.037	573.704
805.926	573.704
805.926	573.333
804.074	573.333
804.074	573.704
802.963	573.704
802.963	574.074
802.593	574.074
802.593	574.444
802.222	574.444
802.222	574.815
800.741	574.815
800.741	574.444
800.370	574.444
800.370	574.074
800.000	574.074
800.000	573.704
799.630	573.704
799.630	573.333
798.889	573.333
798.889	572.963
797.778	572.963
797.778	572.593
795.926	572.593
795.926	572.963
794.444	572.963
794.444	573.333
794.074	573.333
794.074	573.704
793.704	573.704
793.704	574.074
791.111	574.074
791.111	572.963
790.741	572.963
790.741	572.593
790.370	572.593
790.370	572.222
790.000	572.222
790.000	571.852
789.259	571.852
789.259	571.482
788.148	571.482
788.148	571.111
786.667	571.111
786.667	571.482
785.926	571.482
785.926	571.852
785.185	571.852
785.185	572.222
784.815	572.222
784.815	572.593
784.074	572.593
784.074	573.333
783.704	573.333
783.704	573.704
783.333	573.704
783.333	574.074
782.963	574.074
782.963	574.444
782.593	574.444
782.593	575.556
782.222	575.556
782.222	575.926
781.852	575.926
781.852	576.296
781.482	576.296
781.482	576.667
781.111	576.667
781.111	577.037
780.741	577.037
780.741	577.407
780.370	577.407
780.370	578.518
780.000	578.518
780.000	580.000
779.259	580.000
779.259	580.370
778.148	580.370
778.148	581.852
777.037	581.852
777.037	581.482
775.926	581.482
775.926	581.111
775.185	581.111
775.185	580.741
774.444	580.741
774.444	580.370
773.704	580.370
773.704	580.000
773.333	580.000
773.333	579.630
772.593	579.630
772.593	579.259
771.482	579.259
771.482	578.889
770.741	578.889
770.741	579.259
770.000	579.259
770.000	578.518
769.630	578.518
769.630	577.778
770.000	577.778
770.000	577.407
769.630	577.407
769.630	577.037
770.000	577.037
770.000	574.444
769.630	574.444
769.630	574.074
769.259	574.074
769.259	573.704
768.889	573.704
768.889	573.333
768.518	573.333
768.518	572.963
767.407	572.963
767.407	572.593
765.556	572.593
765.556	572.963
764.444	572.963
764.444	573.333
764.074	573.333
764.074	573.704
763.704	573.704
763.704	574.074
763.333	574.074
763.333	577.778
762.963	577.778
762.963	578.148
762.222	578.148
762.222	578.518
761.111	578.518
761.111	578.148
760.741	578.148
760.741	577.778
760.370	577.778
760.370	577.407
760.000	577.407
760.000	577.037
760.370	577.037
760.370	576.667
760.000	576.667
760.000	573.704
760.370	573.704
760.370	573.333
760.741	573.333
760.741	572.593
761.111	572.593
761.111	572.222
761.852	572.222
761.852	571.852
762.222	571.852
762.222	571.111
762.593	571.111
762.593	570.370
762.963	570.370
762.963	570.000
763.333	570.000
763.333	568.889
762.963	568.889
762.963	568.148
762.593	568.148
762.593	567.407
762.222	567.407
762.222	567.037
758.889	567.037
758.889	567.407
758.148	567.407
758.148	567.778
757.778	567.778
757.778	568.518
757.407	568.518
757.407	568.889
757.037	568.889
757.037	570.000
755.926	570.000
755.926	569.630
754.815	569.630
754.815	569.259
754.074	569.259
754.074	568.889
752.593	568.889
752.593	569.259
751.852	569.259
751.852	569.630
751.111	569.630
751.111	570.000
750.370	570.000
750.370	570.370
750.000	570.370
750.000	571.111
749.630	571.111
749.630	571.482
748.889	571.482
748.889	571.852
747.407	571.852
747.407	572.963
746.667	572.963
746.667	572.222
745.926	572.222
745.926	572.593
745.185	572.593
745.185	572.963
744.815	572.963
744.815	573.704
745.185	573.704
745.185	574.074
745.556	574.074
745.556	575.185
744.444	575.185
744.444	574.815
743.704	574.815
743.704	573.704
743.333	573.704
743.333	573.333
742.963	573.333
742.963	572.593
742.593	572.593
742.593	571.852
741.852	571.852
741.852	571.482
741.482	571.482
741.482	570.741
738.889	570.741
738.889	571.111
738.148	571.111
738.148	571.482
737.778	571.482
737.778	571.852
737.037	571.852
737.037	572.222
736.296	572.222
736.296	571.111
735.926	571.111
735.926	570.370
735.556	570.370
735.556	569.630
735.185	569.630
735.185	569.259
734.815	569.259
734.815	568.889
733.704	568.889
733.704	568.518
732.963	568.518
732.963	568.148
731.111	568.148
731.111	568.889
730.741	568.889
730.741	569.259
730.370	569.259
730.370	569.630
730.000	569.630
730.000	571.852
730.370	571.852
730.370	572.222
730.741	572.222
730.741	572.593
731.482	572.593
731.482	572.963
731.852	572.963
731.852	573.333
733.333	573.333
733.333	574.444
732.963	574.444
732.963	575.185
731.852	575.185
731.852	574.815
729.259	574.815
729.259	575.185
728.518	575.185
728.518	575.556
728.148	575.556
728.148	575.926
727.778	575.926
727.778	576.296
724.815	576.296
724.815	575.926
724.444	575.926
724.444	575.556
724.074	575.556
724.074	575.185
723.704	575.185
723.704	573.333
724.074	573.333
724.074	572.593
724.444	572.593
724.444	571.111
725.556	571.111
725.556	570.741
726.296	570.741
726.296	569.630
725.556	569.630
725.556	569.259
725.185	569.259
725.185	568.518
725.556	568.518
725.556	567.778
725.926	567.778
725.926	567.407
726.296	567.407
726.296	567.037
726.667	567.037
726.667	566.667
727.037	566.667
727.037	566.296
727.407	566.296
727.407	565.926
727.778	565.926
727.778	564.815
728.148	564.815
728.148	564.444
728.518	564.444
728.518	562.593
728.148	562.593
728.148	561.852
727.778	561.852
727.778	561.482
728.148	561.482
728.148	561.111
728.518	561.111
728.518	560.741
729.630	560.741
729.630	560.370
730.000	560.370
730.000	560.000
730.370	560.000
730.370	559.630
730.741	559.630
730.741	558.889
731.111	558.889
731.111	558.518
731.482	558.518
731.482	556.296
730.741	556.296
730.741	555.926
730.370	555.926
730.370	555.556
729.630	555.556
729.630	555.185
728.148	555.185
728.148	554.815
726.667	554.815
726.667	555.185
725.926	555.185
725.926	555.556
725.556	555.556
725.556	555.926
724.815	555.926
724.815	556.667
724.074	556.667
724.074	557.037
723.333	557.037
723.333	556.667
722.222	556.667
722.222	556.296
721.482	556.296
721.482	556.667
721.111	556.667
721.111	556.296
720.741	556.296
720.741	556.667
720.370	556.667
720.370	557.037
720.000	557.037
720.000	557.407
719.630	557.407
719.630	558.148
719.259	558.148
719.259	558.518
718.889	558.518
718.889	558.889
718.518	558.889
718.518	560.000
718.148	560.000
718.148	560.370
717.778	560.370
717.778	561.111
717.407	561.111
717.407	561.852
717.037	561.852
717.037	562.222
716.667	562.222
716.667	562.963
716.296	562.963
716.296	564.074
716.667	564.074
716.667	564.444
717.037	564.444
717.037	565.556
717.407	565.556
717.407	566.296
717.778	566.296
717.778	566.667
718.148	566.667
718.148	567.407
718.889	567.407
718.889	568.889
717.778	568.889
717.778	568.518
716.667	568.518
716.667	568.148
715.926	568.148
715.926	567.778
714.815	567.778
714.815	567.407
714.074	567.407
714.074	567.037
712.963	567.037
712.963	566.296
712.222	566.296
712.222	565.556
711.482	565.556
711.482	564.815
711.111	564.815
711.111	564.444
710.741	564.444
710.741	564.074
710.370	564.074
710.370	563.333
710.000	563.333
710.000	561.482
709.630	561.482
709.630	561.111
709.259	561.111
709.259	560.741
708.889	560.741
708.889	557.037
708.518	557.037
708.518	556.667
708.148	556.667
708.148	556.296
707.778	556.296
707.778	555.926
707.407	555.926
707.407	555.556
707.037	555.556
707.037	555.185
705.926	555.185
705.926	554.815
702.963	554.815
702.963	555.185
702.222	555.185
702.222	555.556
699.630	555.556
699.630	555.185
699.259	555.185
699.259	554.815
698.889	554.815
698.889	554.074
698.518	554.074
698.518	553.333
698.148	553.333
698.148	552.963
697.778	552.963
697.778	552.593
697.407	552.593
697.407	552.222
696.667	552.222
696.667	551.852
695.926	551.852
695.926	551.482
694.074	551.482
694.074	551.852
692.963	551.852
692.963	552.222
692.222	552.222
692.222	552.593
691.852	552.593
691.852	552.963
691.482	552.963
691.482	553.333
688.518	553.333
688.518	553.704
686.667	553.704
686.667	554.074
686.296	554.074
686.296	555.185
685.556	555.185
685.556	555.556
685.185	555.556
685.185	555.926
684.815	555.926
684.815	556.296
684.444	556.296
684.444	556.667
682.963	556.667
682.963	556.296
682.593	556.296
682.593	554.815
682.222	554.815
682.222	554.074
681.852	554.074
681.852	553.333
681.482	553.333
681.482	552.593
681.111	552.593
681.111	552.222
680.741	552.222
680.741	551.852
680.370	551.852
680.370	551.482
679.630	551.482
679.630	551.111
676.667	551.111
676.667	551.482
676.296	551.482
676.296	551.852
675.556	551.852
675.556	552.593
675.185	552.593
675.185	552.963
674.815	552.963
674.815	553.333
674.444	553.333
674.444	553.704
674.074	553.704
674.074	555.556
674.444	555.556
674.444	555.926
673.333	555.926
673.333	555.556
672.593	555.556
672.593	555.185
671.852	555.185
671.852	554.815
670.741	554.815
670.741	555.185
670.370	555.185
670.370	555.556
670.000	555.556
670.000	556.296
670.370	556.296
670.370	556.667
670.000	556.667
670.000	557.037
669.630	557.037
669.630	557.407
668.889	557.407
668.889	557.037
667.407	557.037
667.407	557.778
666.296	557.778
666.296	557.407
665.926	557.407
665.926	557.037
664.444	557.037
664.444	556.667
663.704	556.667
663.704	556.296
663.333	556.296
663.333	555.926
662.963	555.926
662.963	555.556
662.222	555.556
662.222	555.185
660.741	555.185
660.741	554.815
660.000	554.815
660.000	554.444
659.630	554.444
659.630	553.333
660.000	553.333
660.000	552.593
660.370	552.593
660.370	550.741
660.000	550.741
660.000	549.630
659.630	549.630
659.630	548.889
659.259	548.889
659.259	548.518
658.889	548.518
658.889	548.148
657.778	548.148
657.778	547.778
654.815	547.778
654.815	548.148
654.074	548.148
654.074	548.518
652.963	548.518
652.963	548.889
652.593	548.889
652.593	549.259
652.222	549.259
652.222	550.370
651.852	550.370
651.852	552.963
652.222	552.963
652.222	553.704
652.593	553.704
652.593	554.444
652.222	554.444
652.222	555.185
651.482	555.185
651.482	555.556
651.111	555.556
651.111	555.926
650.370	555.926
650.370	556.296
650.000	556.296
650.000	556.667
648.889	556.667
648.889	556.296
648.518	556.296
648.518	555.926
647.778	555.926
647.778	555.185
647.037	555.185
647.037	554.444
646.296	554.444
646.296	553.704
645.926	553.704
645.926	553.333
645.556	553.333
645.556	552.963
645.185	552.963
645.185	551.482
645.556	551.482
645.556	550.000
645.926	550.000
645.926	548.889
645.556	548.889
645.556	547.778
645.185	547.778
645.185	547.407
641.852	547.407
641.852	547.037
641.482	547.037
641.482	546.667
641.111	546.667
641.111	546.296
639.630	546.296
639.630	545.926
638.889	545.926
638.889	545.556
637.407	545.556
637.407	545.185
636.667	545.185
636.667	544.815
636.296	544.815
636.296	544.444
635.926	544.444
635.926	544.074
635.556	544.074
635.556	541.111
635.185	541.111
635.185	539.630
634.444	539.630
634.444	538.889
633.704	538.889
633.704	538.148
632.222	538.148
632.222	537.778
630.741	537.778
630.741	538.148
629.259	538.148
629.259	538.518
627.037	538.518
627.037	538.148
625.556	538.148
625.556	537.778
621.111	537.778
621.111	538.148
619.630	538.148
619.630	539.630
619.259	539.630
619.259	540.370
618.889	540.370
618.889	540.741
618.518	540.741
618.518	541.111
618.148	541.111
618.148	541.852
617.407	541.852
617.407	542.222
617.037	542.222
617.037	542.593
616.667	542.593
616.667	542.963
613.704	542.963
613.704	542.593
613.333	542.593
613.333	542.222
612.963	542.222
612.963	541.852
612.222	541.852
612.222	541.111
611.482	541.111
611.482	540.741
610.741	540.741
610.741	540.370
610.370	540.370
610.370	540.000
610.000	540.000
610.000	539.630
609.259	539.630
609.259	538.889
608.518	538.889
608.518	538.148
607.407	538.148
607.407	537.778
607.037	537.778
607.037	537.407
606.667	537.407
606.667	537.037
606.296	537.037
606.296	536.667
605.926	536.667
605.926	536.296
605.556	536.296
605.556	535.926
605.185	535.926
605.185	535.556
604.444	535.556
604.444	534.815
605.556	534.815
605.556	534.444
605.926	534.444
605.926	533.333
605.556	533.333
605.556	532.593
605.185	532.593
605.185	531.852
604.815	531.852
604.815	531.482
602.963	531.482
602.963	531.111
602.222	531.111
602.222	530.000
601.852	530.000
601.852	528.889
601.482	528.889
601.482	528.518
600.741	528.518
600.741	528.148
600.000	528.148
600.000	527.778
599.630	527.778
599.630	528.148
597.778	528.148
597.778	528.518
597.407	528.518
597.407	528.889
597.037	528.889
597.037	529.259
596.667	529.259
596.667	530.741
597.407	530.741
597.407	531.111
597.778	531.111
597.778	531.482
598.148	531.482
598.148	531.852
598.518	531.852
598.518	533.704
598.889	533.704
598.889	534.444
599.259	534.444
599.259	534.815
599.630	534.815
599.630	535.185
600.000	535.185
600.000	535.556
599.630	535.556
599.630	535.926
598.889	535.926
598.889	536.296
598.518	536.296
598.518	536.667
598.148	536.667
598.148	537.407
597.407	537.407
597.407	538.148
596.667	538.148
596.667	538.518
596.296	538.518
596.296	538.889
595.926	538.889
595.926	539.259
594.444	539.259
594.444	538.889
592.963	538.889
592.963	538.518
590.370	538.518
590.370	538.889
589.259	538.889
589.259	539.630
588.518	539.630
588.518	540.000
588.148	540.000
588.148	540.370
587.778	540.370
587.778	540.741
586.296	540.741
586.296	540.370
580.370	540.370
580.370	540.741
579.630	540.741
579.630	540.370
579.259	540.370
579.259	540.000
578.889	540.000
578.889	539.630
578.518	539.630
578.518	539.259
578.148	539.259
578.148	538.889
577.778	538.889
577.778	538.518
577.407	538.518
577.407	537.778
577.037	537.778
577.037	537.037
576.667	537.037
576.667	536.667
575.926	536.667
575.926	536.296
575.185	536.296
575.185	535.926
574.815	535.926
574.815	535.556
574.444	535.556
574.444	535.185
573.333	535.185
573.333	534.815
570.741	534.815
570.741	535.185
569.259	535.185
569.259	535.556
568.518	535.556
568.518	535.926
567.778	535.926
567.778	536.296
564.444	536.296
564.444	536.667
563.704	536.667
563.704	537.037
563.333	537.037
563.333	537.407
562.963	537.407
562.963	538.889
561.482	538.889
561.482	538.518
561.111	538.518
561.111	538.148
560.000	538.148
560.000	537.778
557.037	537.778
557.037	538.148
555.926	538.148
555.926	538.889
555.556	538.889
555.556	539.630
555.185	539.630
555.185	540.000
554.815	540.000
554.815	540.741
554.444	540.741
554.444	541.111
552.222	541.111
552.222	540.370
552.593	540.370
552.593	537.407
552.222	537.407
552.222	537.037
551.852	537.037
551.852	536.667
551.482	536.667
551.482	536.296
551.111	536.296
551.111	535.926
550.741	535.926
550.741	535.556
550.370	535.556
550.370	533.704
550.000	533.704
550.000	532.222
549.630	532.222
549.630	531.852
549.259	531.852
549.259	531.482
548.518	531.482
548.518	531.111
547.778	531.111
547.778	530.741
546.296	530.741
546.296	530.370
544.815	530.370
544.815	530.000
540.741	530.000
540.741	530.370
539.630	530.370
539.630	530.741
538.518	530.741
538.518	530.370
536.667	530.370
536.667	530.000
535.926	530.000
535.926	530.370
534.815	530.370
534.815	530.000
533.333	530.000
533.333	529.630
531.482	529.630
531.482	530.000
530.370	530.000
530.370	530.370
528.518	530.370
528.518	530.000
525.556	530.000
525.556	530.370
525.185	530.370
525.185	530.741
524.815	530.741
524.815	531.111
524.444	531.111
524.444	531.852
524.074	531.852
524.074	532.593
522.963	532.593
522.963	531.852
522.593	531.852
522.593	531.482
522.222	531.482
522.222	531.111
521.852	531.111
521.852	530.370
521.111	530.370
521.111	530.000
520.741	530.000
520.741	530.370
518.518	530.370
518.518	529.630
516.667	529.630
516.667	530.000
515.926	530.000
515.926	530.370
515.185	530.370
515.185	530.000
514.815	530.000
514.815	529.630
514.444	529.630
514.444	528.889
514.074	528.889
514.074	528.148
513.704	528.148
513.704	527.778
513.333	527.778
513.333	527.407
512.963	527.407
512.963	527.037
512.222	527.037
512.222	526.667
511.481	526.667
511.481	526.296
510.741	526.296
510.741	525.926
508.148	525.926
508.148	525.556
507.407	525.556
507.407	525.185
507.037	525.185
507.037	524.815
504.815	524.815
504.815	524.444
503.704	524.444
503.704	524.815
503.333	524.815
503.333	524.444
502.222	524.444
502.222	524.815
501.852	524.815
501.852	525.185
501.481	525.185
501.481	525.556
501.111	525.556
501.111	526.296
500.741	526.296
500.741	526.667
500.370	526.667
500.370	527.037
499.630	527.037
499.630	527.407
499.259	527.407
499.259	527.037
498.519	527.037
498.519	525.556
498.889	525.556
498.889	524.444
498.519	524.444
498.519	523.333
498.148	523.333
498.148	522.593
498.519	522.593
498.519	522.222
499.259	522.222
499.259	521.852
500.741	521.852
500.741	521.482
501.852	521.482
501.852	521.111
502.222	521.111
502.222	520.741
502.593	520.741
502.593	520.000
502.222	520.000
502.222	519.630
501.852	519.630
501.852	519.259
501.111	519.259
501.111	518.889
498.519	518.889
498.519	519.259
496.296	519.259
496.296	519.630
495.926	519.630
495.926	520.000
495.185	520.000
495.185	520.370
494.815	520.370
494.815	521.111
493.333	521.111
493.333	521.482
492.963	521.482
492.963	521.852
492.593	521.852
492.593	522.222
492.222	522.222
492.222	522.963
488.519	522.963
488.519	522.593
487.037	522.593
487.037	522.222
485.556	522.222
485.556	521.852
485.185	521.852
485.185	521.482
484.815	521.482
484.815	521.111
484.444	521.111
484.444	520.741
484.074	520.741
484.074	520.370
483.333	520.370
483.333	519.630
481.852	519.630
481.852	519.259
478.889	519.259
478.889	518.889
478.519	518.889
478.519	518.518
478.148	518.518
478.148	517.778
477.778	517.778
477.778	516.667
478.148	516.667
478.148	516.296
478.519	516.296
478.519	515.556
478.889	515.556
478.889	513.704
478.519	513.704
478.519	512.963
478.148	512.963
478.148	512.593
477.778	512.593
477.778	512.222
477.407	512.222
477.407	511.852
477.037	511.852
477.037	511.481
475.926	511.481
475.926	511.111
474.815	511.111
474.815	510.741
472.963	510.741
472.963	511.111
471.481	511.111
471.481	510.741
471.111	510.741
471.111	510.370
470.000	510.370
470.000	510.000
468.519	510.000
468.519	509.630
467.037	509.630
467.037	509.259
466.667	509.259
466.667	508.889
466.296	508.889
466.296	508.519
465.926	508.519
465.926	507.778
465.556	507.778
465.556	507.037
465.185	507.037
465.185	506.667
464.815	506.667
464.815	506.296
464.444	506.296
464.444	505.185
464.815	505.185
464.815	504.815
465.185	504.815
465.185	504.444
465.556	504.444
465.556	502.963
465.185	502.963
465.185	502.593
464.815	502.593
464.815	501.852
465.185	501.852
465.185	501.111
466.296	501.111
466.296	500.370
467.037	500.370
467.037	499.630
467.778	499.630
467.778	499.259
468.148	499.259
468.148	498.889
468.519	498.889
468.519	498.519
475.185	498.519
475.185	498.889
476.667	498.889
476.667	499.259
481.852	499.259
481.852	499.630
483.333	499.630
483.333	500.000
484.815	500.000
484.815	500.370
486.296	500.370
486.296	500.741
490.000	500.741
490.000	500.370
491.481	500.370
491.481	500.000
491.852	500.000
491.852	499.630
492.593	499.630
492.593	499.259
497.407	499.259
497.407	499.630
497.778	499.630
497.778	500.000
498.148	500.000
498.148	500.370
498.889	500.370
498.889	501.111
500.370	501.111
500.370	501.481
504.815	501.481
504.815	501.111
506.296	501.111
506.296	500.741
506.667	500.741
506.667	500.370
507.037	500.370
507.037	500.000
512.222	500.000
512.222	499.630
513.704	499.630
513.704	499.259
514.815	499.259
514.815	498.889
515.926	498.889
515.926	498.519
521.852	498.519
521.852	498.889
523.333	498.889
523.333	499.259
525.556	499.259
525.556	499.630
525.926	499.630
525.926	500.000
526.296	500.000
526.296	500.370
526.667	500.370
526.667	502.593
527.037	502.593
527.037	504.074
528.518	504.074
528.518	504.444
532.963	504.444
532.963	504.815
533.333	504.815
533.333	505.185
533.704	505.185
533.704	505.556
534.074	505.556
534.074	505.926
534.444	505.926
534.444	506.296
534.815	506.296
534.815	507.778
535.185	507.778
535.185	509.259
535.556	509.259
535.556	510.741
535.185	510.741
535.185	511.111
534.815	511.111
534.815	511.481
534.444	511.481
534.444	511.852
533.704	511.852
533.704	512.593
534.074	512.593
534.074	512.963
534.444	512.963
534.444	513.333
534.815	513.333
534.815	513.704
535.556	513.704
535.556	514.074
536.667	514.074
536.667	514.444
539.259	514.444
539.259	514.074
540.370	514.074
540.370	513.704
541.111	513.704
541.111	513.333
543.333	513.333
543.333	512.963
544.815	512.963
544.815	512.222
545.556	512.222
545.556	511.481
546.296	511.481
546.296	511.111
546.667	511.111
546.667	510.741
547.037	510.741
547.037	510.370
549.259	510.370
549.259	510.000
550.741	510.000
550.741	509.259
551.482	509.259
551.482	508.519
552.222	508.519
552.222	507.778
552.963	507.778
552.963	505.556
552.222	505.556
552.222	504.815
551.852	504.815
551.852	504.444
551.482	504.444
551.482	502.222
552.222	502.222
552.222	501.852
552.593	501.852
552.593	501.481
553.704	501.481
553.704	501.111
556.296	501.111
556.296	500.741
556.667	500.741
556.667	500.370
557.037	500.370
557.037	498.889
556.667	498.889
556.667	498.519
555.556	498.519
555.556	498.889
555.185	498.889
555.185	499.630
554.074	499.630
554.074	499.259
553.704	499.259
553.704	497.407
554.444	497.407
554.444	496.667
555.185	496.667
555.185	495.926
555.926	495.926
555.926	495.185
556.667	495.185
556.667	494.444
557.407	494.444
557.407	493.704
558.148	493.704
558.148	493.333
559.259	493.333
559.259	492.963
561.852	492.963
561.852	492.593
562.593	492.593
562.593	492.222
563.333	492.222
563.333	491.852
563.704	491.852
563.704	491.481
564.074	491.481
564.074	491.111
564.444	491.111
564.444	490.741
564.815	490.741
564.815	490.370
565.185	490.370
565.185	490.000
566.667	490.000
566.667	490.370
567.037	490.370
567.037	491.111
567.407	491.111
567.407	491.481
567.778	491.481
567.778	491.852
568.518	491.852
568.518	492.222
570.000	492.222
570.000	491.852
572.222	491.852
572.222	492.222
574.444	492.222
574.444	491.852
575.185	491.852
575.185	491.481
575.926	491.481
575.926	490.370
576.296	490.370
576.296	490.000
576.667	490.000
576.667	489.630
578.518	489.630
578.518	490.370
581.482	490.370
581.482	490.000
581.852	490.000
581.852	490.370
583.333	490.370
583.333	490.000
584.074	490.000
584.074	490.370
584.444	490.370
584.444	490.000
585.185	490.000
585.185	489.630
597.407	489.630
597.407	490.000
597.778	490.000
597.778	490.370
598.518	490.370
598.518	490.741
600.000	490.741
600.000	491.111
601.111	491.111
601.111	490.741
601.482	490.741
601.482	490.370
602.222	490.370
602.222	490.000
602.963	490.000
602.963	489.259
604.074	489.259
604.074	488.889
606.296	488.889
606.296	489.259
607.407	489.259
607.407	489.630
610.000	489.630
610.000	489.259
611.482	489.259
611.482	488.889
614.444	488.889
614.444	489.259
617.037	489.259
617.037	488.889
617.778	488.889
617.778	488.519
618.518	488.519
618.518	488.148
619.630	488.148
619.630	487.778
620.370	487.778
620.370	488.148
621.111	488.148
621.111	487.778
623.333	487.778
623.333	490.000
623.704	490.000
623.704	491.111
622.963	491.111
622.963	490.741
621.852	490.741
621.852	491.111
621.111	491.111
621.111	491.481
620.370	491.481
620.370	491.852
617.037	491.852
617.037	492.222
615.926	492.222
615.926	492.593
615.556	492.593
615.556	492.963
615.185	492.963
615.185	494.074
615.556	494.074
615.556	494.815
615.185	494.815
615.185	495.185
614.815	495.185
614.815	495.556
615.185	495.556
615.185	495.926
615.556	495.926
615.556	496.296
616.296	496.296
616.296	496.667
618.518	496.667
618.518	496.296
619.259	496.296
619.259	495.926
619.630	495.926
619.630	495.556
620.000	495.556
620.000	495.185
620.741	495.185
620.741	494.815
621.852	494.815
621.852	495.185
622.593	495.185
622.593	495.556
623.333	495.556
623.333	495.926
625.556	495.926
625.556	495.556
626.667	495.556
626.667	495.185
627.037	495.185
627.037	494.815
627.407	494.815
627.407	494.444
627.778	494.444
627.778	493.704
627.407	493.704
627.407	492.593
627.037	492.593
627.037	491.852
627.407	491.852
627.407	491.481
628.148	491.481
628.148	491.111
628.518	491.111
628.518	490.741
629.259	490.741
629.259	490.000
630.000	490.000
630.000	489.630
630.370	489.630
630.370	489.259
630.741	489.259
630.741	488.889
631.111	488.889
631.111	488.519
634.074	488.519
634.074	488.148
635.556	488.148
635.556	487.778
636.667	487.778
636.667	487.407
637.037	487.407
637.037	487.037
637.407	487.037
637.407	486.667
637.778	486.667
637.778	485.926
638.148	485.926
638.148	485.556
637.778	485.556
637.778	485.185
637.407	485.185
637.407	484.815
636.667	484.815
636.667	484.444
636.296	484.444
636.296	484.074
635.556	484.074
635.556	483.704
635.185	483.704
635.185	483.333
634.815	483.333
634.815	482.963
634.444	482.963
634.444	482.593
634.074	482.593
634.074	481.481
634.444	481.481
634.444	480.741
634.815	480.741
634.815	480.370
635.556	480.370
635.556	480.000
635.926	480.000
635.926	479.630
636.296	479.630
636.296	479.259
636.667	479.259
636.667	478.889
637.037	478.889
637.037	478.148
637.407	478.148
637.407	477.778
638.518	477.778
638.518	478.148
638.889	478.148
638.889	478.519
639.630	478.519
639.630	478.889
640.000	478.889
640.000	479.259
641.852	479.259
641.852	478.889
643.333	478.889
643.333	478.519
647.037	478.519
647.037	478.889
649.259	478.889
649.259	479.259
650.000	479.259
650.000	478.889
650.370	478.889
650.370	478.519
652.222	478.519
652.222	479.630
652.593	479.630
652.593	480.370
653.333	480.370
653.333	480.741
653.704	480.741
653.704	481.481
654.074	481.481
654.074	481.111
656.667	481.111
656.667	480.741
664.815	480.741
664.815	480.370
666.296	480.370
666.296	479.630
667.037	479.630
667.037	479.259
668.148	479.259
668.148	478.889
668.518	478.889
668.518	478.519
668.889	478.519
668.889	478.148
669.259	478.148
669.259	477.407
669.630	477.407
669.630	476.667
670.000	476.667
670.000	475.926
669.630	475.926
669.630	475.185
670.000	475.185
670.000	474.815
670.370	474.815
670.370	474.444
670.741	474.444
670.741	474.074
671.111	474.074
671.111	473.704
671.482	473.704
671.482	473.333
672.222	473.333
672.222	473.704
675.185	473.704
675.185	473.333
676.296	473.333
676.296	473.704
676.667	473.704
676.667	474.444
677.037	474.444
677.037	474.815
677.407	474.815
677.407	475.185
677.778	475.185
677.778	476.296
678.148	476.296
678.148	478.519
677.778	478.519
677.778	478.889
677.407	478.889
677.407	479.259
678.148	479.259
678.148	478.889
678.889	478.889
678.889	479.259
680.000	479.259
680.000	478.519
680.370	478.519
680.370	477.778
680.741	477.778
680.741	477.407
681.852	477.407
681.852	477.037
682.963	477.037
682.963	476.667
683.704	476.667
683.704	475.185
683.333	475.185
683.333	474.815
683.704	474.815
683.704	474.444
684.444	474.444
684.444	474.815
685.556	474.815
685.556	475.185
686.296	475.185
686.296	475.556
687.037	475.556
687.037	475.926
688.889	475.926
688.889	475.556
689.259	475.556
689.259	475.185
689.630	475.185
689.630	474.815
690.000	474.815
690.000	472.963
691.482	472.963
691.482	472.593
693.704	472.593
693.704	472.222
694.074	472.222
694.074	471.852
694.444	471.852
694.444	470.741
694.815	470.741
694.815	470.370
695.185	470.370
695.185	470.000
695.556	470.000
695.556	469.630
695.926	469.630
695.926	469.259
696.296	469.259
696.296	468.889
696.667	468.889
696.667	468.519
697.037	468.519
697.037	467.778
697.778	467.778
697.778	467.037
698.148	467.037
698.148	466.296
698.889	466.296
698.889	465.926
699.259	465.926
699.259	465.556
699.630	465.556
699.630	465.185
700.370	465.185
700.370	464.815
701.852	464.815
701.852	464.074
702.593	464.074
702.593	463.704
702.963	463.704
702.963	463.333
703.333	463.333
703.333	462.963
703.704	462.963
703.704	462.593
704.815	462.593
704.815	461.852
705.556	461.852
705.556	461.111
706.296	461.111
706.296	460.370
707.037	460.370
707.037	459.630
707.778	459.630
707.778	458.889
708.518	458.889
708.518	458.519
708.889	458.519
708.889	458.148
710.000	458.148
710.000	458.519
710.741	458.519
710.741	458.889
711.111	458.889
711.111	459.259
711.482	459.259
711.482	459.630
711.852	459.630
711.852	460.000
712.222	460.000
712.222	460.370
712.593	460.370
712.593	460.741
712.963	460.741
712.963	461.481
713.704	461.481
713.704	461.852
714.074	461.852
714.074	462.222
714.444	462.222
714.444	462.593
714.815	462.593
714.815	462.963
715.185	462.963
715.185	463.704
715.556	463.704
715.556	464.074
715.926	464.074
715.926	464.444
716.296	464.444
716.296	464.815
716.667	464.815
716.667	465.185
717.407	465.185
717.407	465.556
719.630	465.556
719.630	465.185
720.370	465.185
720.370	464.815
720.741	464.815
720.741	464.444
721.111	464.444
721.111	464.074
721.482	464.074
721.482	461.111
720.741	461.111
720.741	460.741
720.370	460.741
720.370	460.370
720.000	460.370
720.000	460.000
719.630	460.000
719.630	459.630
719.259	459.630
719.259	458.889
718.889	458.889
718.889	458.148
718.518	458.148
718.518	457.778
718.148	457.778
718.148	457.407
717.778	457.407
717.778	457.037
717.407	457.037
717.407	456.667
717.037	456.667
717.037	455.926
717.407	455.926
717.407	455.185
718.148	455.185
718.148	454.815
718.518	454.815
718.518	454.444
719.630	454.444
719.630	454.074
721.482	454.074
721.482	453.704
722.593	453.704
722.593	453.333
722.963	453.333
722.963	452.963
723.333	452.963
723.333	452.593
723.704	452.593
723.704	452.222
724.074	452.222
724.074	451.852
725.185	451.852
725.185	452.222
725.556	452.222
725.556	452.963
725.926	452.963
725.926	453.333
726.296	453.333
726.296	453.704
726.667	453.704
726.667	454.074
727.037	454.074
727.037	454.444
727.407	454.444
727.407	457.037
727.778	457.037
727.778	457.778
728.148	457.778
728.148	458.148
728.518	458.148
728.518	458.519
728.889	458.519
728.889	458.889
729.630	458.889
729.630	459.259
730.000	459.259
730.000	459.630
731.111	459.630
731.111	460.000
731.852	460.000
731.852	460.370
732.963	460.370
732.963	460.741
733.704	460.741
733.704	461.111
735.556	461.111
735.556	460.741
736.296	460.741
736.296	460.370
737.037	460.370
737.037	461.111
736.667	461.111
736.667	461.852
736.296	461.852
736.296	462.222
735.926	462.222
735.926	464.074
736.296	464.074
736.296	464.444
736.667	464.444
736.667	464.815
737.037	464.815
737.037	465.185
737.407	465.185
737.407	465.556
737.778	465.556
737.778	465.926
738.518	465.926
738.518	466.296
739.630	466.296
739.630	465.926
740.370	465.926
740.370	465.556
741.111	465.556
741.111	465.185
741.482	465.185
741.482	464.815
741.852	464.815
741.852	464.074
742.222	464.074
742.222	463.704
742.593	463.704
742.593	462.222
743.333	462.222
743.333	462.593
743.704	462.593
743.704	462.963
744.074	462.963
744.074	463.333
745.185	463.333
745.185	463.704
746.667	463.704
746.667	463.333
747.037	463.333
747.037	462.963
747.407	462.963
747.407	462.593
748.148	462.593
748.148	461.852
748.518	461.852
748.518	457.778
748.148	457.778
748.148	457.407
747.407	457.407
747.407	457.037
744.815	457.037
744.815	457.407
743.704	457.407
743.704	457.037
743.333	457.037
743.333	456.667
742.963	456.667
742.963	456.296
742.593	456.296
742.593	455.926
742.222	455.926
742.222	455.556
741.482	455.556
741.482	455.185
738.889	455.185
738.889	455.556
738.518	455.556
738.518	455.926
738.148	455.926
738.148	456.667
737.778	456.667
737.778	457.407
736.667	457.407
736.667	457.037
736.296	457.037
736.296	455.926
735.926	455.926
735.926	454.815
736.296	454.815
736.296	454.444
737.778	454.444
737.778	454.074
739.630	454.074
739.630	453.704
740.370	453.704
740.370	453.333
740.741	453.333
740.741	452.593
741.111	452.593
741.111	452.222
741.482	452.222
741.482	451.852
741.852	451.852
741.852	451.111
742.222	451.111
742.222	450.741
742.593	450.741
742.593	451.111
743.704	451.111
743.704	450.741
744.815	450.741
744.815	450.370
745.185	450.370
745.185	450.000
745.556	450.000
745.556	449.630
745.926	449.630
745.926	448.519
746.296	448.519
746.296	447.037
745.926	447.037
745.926	446.296
745.556	446.296
745.556	445.926
744.815	445.926
744.815	445.556
740.741	445.556
740.741	445.926
740.370	445.926
740.370	446.296
739.630	446.296
739.630	446.667
737.778	446.667
737.778	446.296
734.815	446.296
734.815	446.667
733.704	446.667
733.704	447.037
733.333	447.037
733.333	447.407
732.963	447.407
732.963	448.148
732.222	448.148
732.222	447.778
731.852	447.778
731.852	447.407
731.482	447.407
731.482	446.667
731.111	446.667
731.111	444.815
731.482	444.815
731.482	444.444
731.852	444.444
731.852	444.074
732.222	444.074
732.222	443.704
732.963	443.704
732.963	443.333
734.444	443.333
734.444	442.963
734.815	442.963
734.815	442.593
735.185	442.593
735.185	442.222
735.556	442.222
735.556	441.481
735.926	441.481
735.926	440.741
736.296	440.741
736.296	437.778
735.926	437.778
735.926	437.037
735.556	437.037
735.556	435.926
735.926	435.926
735.926	435.556
736.296	435.556
736.296	434.444
736.667	434.444
736.667	433.704
737.037	433.704
737.037	431.481
736.667	431.481
736.667	430.741
736.296	430.741
736.296	428.519
736.667	428.519
736.667	428.148
737.037	428.148
737.037	427.778
738.148	427.778
738.148	428.519
738.889	428.519
738.889	428.889
739.259	428.889
739.259	429.259
739.630	429.259
739.630	429.630
740.741	429.630
740.741	430.000
742.593	430.000
742.593	429.630
743.333	429.630
743.333	429.259
744.074	429.259
744.074	428.889
744.444	428.889
744.444	428.519
744.815	428.519
744.815	428.148
745.185	428.148
745.185	427.407
745.556	427.407
745.556	427.037
746.296	427.037
746.296	426.667
750.370	426.667
750.370	426.296
751.111	426.296
751.111	425.556
751.482	425.556
751.482	425.185
751.852	425.185
751.852	424.815
752.222	424.815
752.222	422.222
751.852	422.222
751.852	418.519
751.482	418.519
751.482	417.407
751.111	417.407
751.111	416.667
751.482	416.667
751.482	416.296
751.852	416.296
751.852	415.926
752.222	415.926
752.222	415.556
752.963	415.556
752.963	415.185
753.333	415.185
753.333	414.815
753.704	414.815
753.704	414.074
754.074	414.074
754.074	412.222
754.444	412.222
754.444	411.852
754.074	411.852
754.074	410.741
753.704	410.741
753.704	410.370
753.333	410.370
753.333	410.000
751.852	410.000
751.852	409.630
751.482	409.630
751.482	409.259
751.111	409.259
751.111	408.148
751.482	408.148
751.482	407.037
751.852	407.037
751.852	406.667
752.222	406.667
752.222	405.185
754.074	405.185
754.074	405.556
754.815	405.556
754.815	406.296
755.926	406.296
755.926	405.926
757.037	405.926
757.037	406.296
757.778	406.296
757.778	406.667
758.148	406.667
758.148	407.037
758.518	407.037
758.518	406.667
758.889	406.667
758.889	405.185
759.259	405.185
759.259	404.074
759.630	404.074
759.630	402.963
760.000	402.963
760.000	402.222
760.370	402.222
760.370	401.481
760.741	401.481
760.741	400.000
761.852	400.000
761.852	399.630
762.222	399.630
762.222	399.259
762.963	399.259
762.963	398.889
763.333	398.889
763.333	398.519
763.704	398.519
763.704	397.778
764.074	397.778
764.074	397.037
764.444	397.037
764.444	396.667
764.815	396.667
764.815	395.926
765.556	395.926
765.556	395.185
766.296	395.185
766.296	394.444
767.037	394.444
767.037	394.074
767.778	394.074
767.778	393.704
770.370	393.704
770.370	393.333
771.111	393.333
771.111	392.963
771.482	392.963
771.482	392.593
771.852	392.593
771.852	392.222
772.222	392.222
772.222	391.852
772.593	391.852
772.593	391.111
772.963	391.111
772.963	390.370
773.333	390.370
773.333	389.630
773.704	389.630
773.704	387.407
774.074	387.407
774.074	387.037
774.815	387.037
774.815	386.667
775.185	386.667
775.185	386.296
775.556	386.296
775.556	385.926
775.926	385.926
775.926	385.185
776.296	385.185
776.296	382.963
776.667	382.963
776.667	381.481
776.296	381.481
776.296	380.370
775.926	380.370
775.926	379.259
776.296	379.259
776.296	378.889
776.667	378.889
776.667	378.519
777.037	378.519
777.037	377.778
777.407	377.778
777.407	375.926
777.778	375.926
777.778	375.185
778.148	375.185
778.148	372.593
778.518	372.593
778.518	372.222
779.259	372.222
779.259	371.852
779.630	371.852
779.630	371.481
780.000	371.481
780.000	371.111
780.370	371.111
780.370	370.741
780.741	370.741
780.741	369.630
781.111	369.630
781.111	368.148
780.741	368.148
780.741	367.407
780.370	367.407
780.370	366.667
780.000	366.667
780.000	365.926
780.370	365.926
780.370	365.556
780.741	365.556
780.741	364.815
781.111	364.815
781.111	364.444
781.482	364.444
781.482	363.333
781.852	363.333
781.852	361.111
781.482	361.111
781.482	360.000
781.111	360.000
781.111	359.259
780.741	359.259
780.741	358.519
780.370	358.519
780.370	358.148
780.741	358.148
780.741	357.778
781.111	357.778
